0 5.00694
0.0588235 4.77454
0.117647 4.12701
0.176471 3.10777
0.235294 1.81174
0.294118 0.35366
0.352941 -1.13596
0.411765 -2.52412
0.470588 -3.6868
0.529412 -4.52016
0.588235 -4.94974
0.647059 -4.93718
0.705882 -4.48359
0.764706 -3.62949
0.823529 -2.45119
0.882353 -1.05393
0.941176 0.437474
1 1.8898
1.05882 3.17332
1.11765 4.17337
1.17647 4.80064
1.23529 4.99907
1.29412 4.75094
1.35294 4.07844
1.41176 3.04162
1.47059 1.7331
1.52941 0.269763
1.58824 -1.21766
1.64706 -2.59632
1.70588 -3.74306
1.76471 -4.55545
1.82353 -4.96089
1.88235 -4.92321
1.94118 -4.44576
2 -3.57117
2.05882 -2.37758
2.11765 -0.971604
2.17647 0.521156
2.23529 1.96736
2.29412 3.23785
2.35294 4.21902
2.41176 4.82365
2.47059 4.99617
2.52941 4.72693
2.58824 4.01862
2.64706 3.01409
2.70588 1.5061
2.76471 0.737772
2.82353 -3.35909
2.88235 5.02043
2.94118 -32.4911
